trace.on 1 0 1 4 6 9
trace.on 1 0 2 4 6 9
trace.on 1 0 2 4 5 9
trace.on 1 0 2 4 5 10
xr_ext 1 4 6 7 9 1 1 0 1 1 1 1 1
xr_ext 1 3 5 8 10 1 1 0 1 1 1 1 1
xr_ext 1 3 6 7 10 1 1 0 1 1 1 1 1
xr_ext 1 3 5 7 9 1 1 0 1 1 1 1 1
xr_ext 1 3 6 7 10 1 1 0 1 1 1 1 1
xr_ext 2 3 6 8 9 1 1 0 1 1 1 1 1
xr_ext 1 4 6 8 9 1 1 0 1 1 1 1 1
xr_ext 2 4 6 8 9 1 1 0 1 1 1 1 1
xr_ext 2 3 6 8 10 1 1 0 1 1 1 1 1
xr_ext 1 4 6 8 10 1 1 0 1 1 1 1 1
xr_ext 2 3 5 8 10 1 1 0 1 1 1 1 1
xr_ext 1 4 6 7 10 1 1 0 1 1 1 1 1
xr_ext 2 4 5 8 9 1 1 0 1 1 1 1 1
xr_ext 1 4 6 7 10 1 1 0 1 1 1 1 1
xr_ext 2 3 6 8 10 1 1 0 1 1 1 1 1
xr_ext 1 4 6 7 9 1 1 0 1 1 1 1 1
xr_ext 1 3 6 7 9 1 1 0 1 1 1 1 1
xr_ext 2 3 6 8 10 1 1 0 1 1 1 1 1
xr_ext 2 4 5 7 10 1 1 0 1 1 1 1 1
xr_ext 2 4 5 8 10 1 1 0 1 1 1 1 1
